1.0446
1.0406
1.0373
1.0397
1.0445
1.0445
1.0534
1.0533
1.0508
1.0564
1.0579
1.0516
1.0484
1.0429
1.0423
1.0403
1.0364
1.0363
1.0352
1.0347
1.0305
1.0272
1.021
1.0265
1.0219
1.0195
1.0071
1.0077
0.996
0.992
0.9932
0.9733
0.9744
0.9729
0.9794
0.9878
0.9733
0.9879
0.9868
0.9971
0.9973
0.9868
0.9964
0.9897
0.9788
0.9652
0.9662
0.9644
0.9638
0.9796
0.9887
0.9896
0.9895
0.9986
1.007
0.9998
0.9997
0.9989
0.9963
1.0018
1.0146
1.017
1.0379
1.0384
1.0451
1.0497
1.038
1.043
1.0326
1.0231
1.0263
1.0334
1.0213
1.0264
1.0223
1.03
1.039
1.0474
1.0418
1.0403
1.0484
1.0575
1.0531
1.0447
1.025
1.0209
1.0336
1.032
1.0273
1.0075
1.004
1.0078
1.0086
0.9951
0.9996
0.9996
1.0086
1.0009
0.9932
0.997
0.9961
1.0097
1.0013
0.9951
0.9877
0.9887
0.9847
0.9904
0.9885
0.9788
0.9848
0.9833
0.9917
0.9899
0.9948
1.0019
1.0007
1.0075
1.0052
1.0022
1.0294
1.0342
1.0403
1.0397
1.0444
1.0402
1.0362
1.0392
1.0383
1.0379
1.0375
1.0252
1.0216
1.0263
1.0473
1.0476
1.0488
1.057
1.0587
1.0532
1.0583
1.0661
1.0656
1.0625
1.0691
1.0663
1.0624
1.0577
1.0612
1.0582
1.0558
1.0611
1.0604
1.0558
1.0488
1.0511
1.0653
1.0637
1.0624
1.0621
1.0663
1.0771
1.0793
1.0774
1.0866
1.092
1.1018
1.094
1.0997
1.0966
1.0954
1.1002
1.107
1.103
1.1074
1.1116
1.1286
1.1332
1.1283
1.1346
1.1339
1.1247
1.1305
1.1332
1.1462
1.1519
1.1598
1.1587
1.1576
1.1426
1.1309
1.1672
1.1591
1.1725
1.1672
1.1625
1.1634
1.1593
1.149
1.1545
1.1568
1.1415
1.14
1.1343
1.1566
1.157
1.1613
1.1583
1.1666
1.1542
1.1573
1.1684
1.1622
1.1779
1.1798
1.1777
1.1735
1.1731
1.1652
1.1688
1.1652
1.1544
1.1635
1.1693
1.1696
1.1692
1.1701
1.163
1.1593
1.1566
1.147
1.1359
1.1396
1.1527
1.1476
1.1541
1.1498
1.1483
1.142
1.1441
1.1427
1.1522
1.156
1.1607
1.1463
1.1417
1.1485
1.1414
1.1442
1.1419
1.1446
1.1548
1.1516
1.1493
1.1522
1.1509
1.1508
1.1539
1.1557
1.1681
1.1704
1.1698
1.1652
1.1652
1.1694
1.164
1.1589
1.1477
1.1514
1.1634
1.1644
1.1661
1.1652
1.1633
1.1598
1.1629
1.1751
1.1809
1.18
1.1956
1.1999
1.193
1.1903
1.1888
1.1888
1.1857
1.1872
1.1757
1.1693
1.1659
1.1599
1.163
1.1682
1.1627
1.1534
1.1515
1.1589
1.1601
1.1584
1.1561
1.1514
1.1563
1.1515
1.1592
1.1548
1.1589
1.1677
1.1683
1.1653
1.1665
1.1682
1.1658
1.1764
1.1749
1.169
1.1776
1.184
1.1864
1.1877
1.1832
1.1838
1.1831
1.1932
1.1822
1.1954
1.1843
1.1807
1.1895
1.1869
1.1922
1.194
1.2057
1.2066
1.204
1.2032
1.2131
1.2167
1.232
1.2306
1.2275
1.2316
1.2402
1.2305
1.2281
1.2265
1.2299
1.2414
1.2476
1.2525
1.2594
1.263
1.2501
1.2498
1.2533
1.2642
1.2529
1.2596
1.2559
1.2571
1.2501
1.2405
1.2349
1.2381
1.2553
1.2582
1.2473
1.2369
1.232
1.2287
1.2481
1.2468
1.2629
1.2602
1.2439
1.2405
1.2402
1.2543
1.2429
1.2496
1.2525
1.2489
1.2548
1.2633
1.2684
1.2759
1.2657
1.2765
1.2821
1.2797
1.2906
1.2829
1.2816
1.2947
1.2935
1.3055
1.3028
1.2878
1.2874
1.2977
1.2883
1.292
1.285
1.2906
1.2883
1.3006
1.3094
1.316
1.3104
1.3126
1.3103
1.3151
1.3245
1.3243
1.3284
1.3255
1.33
1.3278
1.3262
1.3251
1.3228
1.316
1.3144
1.3212
1.3149
1.2983
1.3076
1.2906
1.3012
1.3052
1.3138
1.3272
1.3292
1.3235
1.3246
1.3224
1.3182
1.316
1.3246
1.3237
1.2956
1.2792
1.2657
1.2754
1.2823
1.3091
1.3113
1.3153
1.3094
1.3
1.2756
1.268
1.2753
1.2813
1.2775
1.2666
1.268
1.2656
1.2966
1.3048
1.3156
1.3063
1.3202
1.3164
1.3113
1.314
1.3081
1.3131
1.3238
1.3321
1.3371
1.3408
1.3494
1.3442
1.343
1.3515
1.3445
1.337
1.3339
1.3236
1.3176
1.3098
1.3085
1.3102
1.299
1.2861
1.284
1.2853
1.2827
1.2699
1.276
1.2682
1.2717
1.2653
1.2465
1.2373
1.2484
1.2452
1.2347
1.2171
1.2015
1.1854
1.1906
1.1978
1.1873
1.1605
1.1598
1.1455
1.1477
1.1684
1.1722
1.1652
1.1723
1.16
1.1553
1.1735
1.1629
1.1722
1.162
1.1707
1.1735
1.174
1.1473
1.127
1.1124
1.1229
1.1193
1.1188
1.1168
1.1155
1.1461
1.1443
1.1355
1.1185
1.1288
1.1394
1.1299
1.1314
1.1345
1.1416
1.1531
1.1605
1.1539
1.1249
1.1293
1.1418
1.1351
1.1415
1.148
1.151
1.1544
1.141
1.1382
1.1223
1.1186
1.122
1.1188
1.1162
1.1037
1.1062
1.1028
1.0919
1.0884
1.09
1.09
1.0762
1.0922
1.0905
1.0853
1.0972
1.0903
1.0939
1.0896
1.0796
1.0694
1.0657
1.0691
1.0657
1.0713
1.0816
1.0766
1.0775
1.0664
1.0934
1.0914
1.0857
1.0917
1.1031
1.1196
1.1087
1.1126
1.1262
1.1118
1.121
1.1199
1.1153
1.1223
1.1143
1.1234
1.139
1.1438
1.144
1.1385
1.1316
1.1347
1.1288
1.1256
1.1181
1.1083
1.0725
1.0881
1.1244
1.1277
1.119
1.1197
1.1165
1.1254
1.1218
1.1184
1.1202
1.1253
1.1255
1.1249
1.1408
1.1548
1.1552
1.1594
1.1582
1.1589
1.1686
1.1672
1.1592
1.1586
1.1607
1.1688
1.159
1.1639
1.1602
1.1722
1.1708
1.1724
1.174
1.1758
1.1658
1.1642
1.147
1.1565
1.154
1.1585
1.1505
1.142
1.1468
1.1537
1.1591
1.1561
1.1509
1.143
1.1509
1.1504
1.1386
1.1598
1.1695
1.1723
1.1895
1.1921
1.1934
1.197
1.1898
1.1886
1.1932
1.1934
1.1989
1.2005
1.2081
1.2137
1.2235
1.2234
1.22
1.2347
1.2308
1.2148
1.2115
1.2095
1.2034
1.2133
1.2161
1.2249
1.2338
1.2458
1.2387
1.2398
1.2369
1.2304
1.2424
1.2459
1.2446
1.2556
1.2748
1.2878
1.2836
1.2992
1.2873
1.284
1.287
1.2772
1.2671
1.2891
1.2973
1.2944
1.2529
1.2319
1.2409
1.2289
1.207
1.2107
1.2292
1.2261
1.2305
1.229
1.2153
1.2313
1.2114
1.2228
1.2193
1.2092
1.2128
1.2224
1.2285
1.2383
1.2397
1.2537
1.2405
1.224
1.2171
1.2036
1.2028
1.2027
1.1902
1.1893
1.19
1.1803
1.1846
1.1786
1.1875
1.195
1.1893
1.1901
1.1805
1.1711
1.1697
1.1747
1.1772
1.1702
1.1774
1.1707
1.1713
1.1771
1.1873
1.1854
1.1707
1.1691
1.1715
1.175
1.1836
1.1771
1.1904
1.1872
1.1905
1.1836
1.1905
1.2028
1.2031
1.205
1.2014
1.208
1.1944
1.1836
1.1886
1.18
1.1726
1.1726
1.1726
1.1715
1.1762
1.1768
1.1836
1.1823
1.1823
1.1799
1.187
1.1839
1.1872
1.1948
1.2004
1.1981
1.1895
1.194
1.2048
1.2157
1.2093
1.2148
1.2255
1.2277
1.2212
1.211
1.2095
1.2122
1.2141
1.1963
1.2073
1.2165
1.2174
1.2116
1.2201
1.2288
1.228
1.2323
1.2284
1.2286
1.2398
1.2405
1.2447
1.2511
1.2402
1.2459
1.243
1.2502
1.2473
1.2615
1.2699
1.2737
1.2855
1.2836
1.2839
1.2976
1.2884
1.2917
1.3135
1.3124
1.2944
1.3096
1.3265
1.3153
1.3184
1.3215
1.3419
1.3113
1.3178
1.3156
1.3179
1.2995
1.3215
1.3266
1.3191
1.3253
1.3246
1.3267
1.324
1.3177
1.3231
1.3326
1.3365
1.3341
1.3358
1.3427
1.3354
1.3345
1.3419
1.3456
1.3504
1.3687
1.3947
1.3937
1.3891
1.3879
1.3876
1.3953
1.4057
1.4
1.3824
1.3955
1.394
1.4027
1.3827
1.3666
1.3491
1.3192
1.3083
1.2938
1.3201
1.32
1.3215
1.3059
1.3065
1.316
1.3148
1.3429
1.3837
1.3865
1.3814
1.3884
1.3744
1.3692
1.348
1.3142
1.3069
1.3294
1.3337
1.3396
1.3367
1.3206
1.3022
1.2894
1.2839
1.2961
1.2787
1.2767
1.2783
1.2676
1.2733
1.268
1.2499
1.2476
1.2465
1.2385
1.2251
1.2184
1.2316
1.2324
1.2388
1.2414
1.2258
1.2292
1.2319
1.2424
1.2178
1.2261
1.2266
1.2309
1.2258
1.2251
1.2315
1.2431
1.2393
1.2376
1.2247
1.2582
1.2521
1.243
1.2367
1.2442
1.243
1.248
1.2552
1.2558
1.2501
1.2477
1.2313
1.2275
1.2228
1.2209
1.208
1.2119
1.2103
1.2067
1.1954
1.2036
1.1951
1.1946
1.1969
1.1988
1.1974
1.2092
1.2031
1.1951
1.2125
1.2137
1.2202
1.2115
1.2299
1.2401
1.2398
1.2311
1.2321
1.2125
1.1953
1.1915
1.1904
1.1777
1.1793
1.1805
1.1863
1.1772
1.1793
1.1796
1.1779
1.2002
1.2046
1.2014
1.1911
1.2057
1.2051
1.202
1.1964
1.1821
1.18
1.1932
1.19
1.1905
1.1708
1.1754
1.1743
1.1756
1.177
1.1726
1.1768
1.1763
1.1771
1.1906
1.1879
1.1935
1.1997
1.1957
1.1899
1.1999
1.2034
1.2094
1.2163
1.2276
1.2235
1.2265
1.2131
1.2087
1.2184
1.2275
1.2389
1.2275
1.2178
1.2095
1.2219
1.2254
1.223
1.2289
1.2355
1.2468
1.2321
1.2365
1.2371
1.2344
1.2368
1.243
1.238
1.2425
1.2332
1.2168
1.2143
1.2152
1.2099
1.219
1.2119
1.2034
1.2051
1.2092
1.2025
1.1951
1.2003
1.2006
1.221
1.2324
1.2302
1.2359
1.2228
1.2252
1.2013
1.2085
1.2032
1.1952
1.2008
1.2028
1.2013
1.188
1.1801
1.1786
1.1611
1.1591
1.1529
1.1552
1.1444
1.1458
1.1533
1.1584
1.145
1.1563
1.1541
1.1529
1.1479
1.1458
1.1514
1.1351
1.1309
1.1379
1.139
1.1355
1.1381
1.1471
1.1522
1.152
1.1473
1.137
1.134
1.1323
1.1386
1.125
1.1227
1.1453
1.1441
1.1446
1.144
1.1518
1.1519
1.139
1.1368
1.1394
1.143
1.1601
1.1548
1.1636
1.1589
1.1684
1.1611
1.1647
1.1609
1.1728
1.1761
1.1696
1.1658
1.1788
1.1879
1.2095
1.2118
1.2123
1.2123
1.2206
1.2239
1.2154
1.2158
1.2265
1.2193
1.2112
1.2158
1.194
1.1994
1.19
1.1941
1.2007
1.212
1.2093
1.1967
1.1995
1.2062
1.2014
1.2054
1.2048
1.2198
1.2181
1.2259
1.2212
1.2125
1.2092
1.1924
1.1906
1.1935
1.1726
1.1661
1.1598
1.1653
1.1637
1.1682
1.1594
1.1537
1.1485
1.1562
1.1536
1.1559
1.1607
1.1563
1.1587
1.1556
1.1594
1.1532
1.1461
1.1468
1.1428
1.1408
1.1481
1.1489
1.1483
1.1458
1.1414
1.1446
1.1408
1.1354
1.1353
1.1396
1.1495
1.1471
1.1444
1.1486
1.1522
1.1452
1.1411
1.1388
1.1441
1.144
1.1424
1.1454
1.1499
1.1562
1.1529
1.1501
1.1505
1.1325
1.1273
1.1252
1.1216
1.126
1.1233
1.1213
1.1328
1.1276
1.1233
1.1286
1.1175
1.1154
1.1162
1.1197
1.1193
1.1259
1.1144
1.1167
1.1184
1.1208
1.1307
1.1211
1.129
1.1296
1.1279
1.1224
1.1091
1.1125
1.1087
1.1127
1.1155
1.1169
1.1332
1.13
1.1344
1.1364
1.1419
1.1309
1.1341
1.1322
1.1393
1.1434
1.1473
1.1431
1.1476
1.1433
1.1377
1.1372
1.1431
1.1528
1.1618
1.1577
1.1567
1.1526
1.1583
1.1573
1.151
1.1577
1.1589
1.1635
1.1722
1.175
1.1686
1.1694
1.167
1.1679
1.1525
1.1531
1.141
1.1389
1.1398
1.1436
1.1415
1.1395
1.144
1.1433
1.142
1.1452
1.1503
1.1586
1.1583
1.1588
1.1634
1.167
1.17
1.1762
1.1825
1.1865
1.1945
1.1816
1.1721
1.1769
1.1824
1.1686
1.1723
1.1742
1.1695
1.1686
1.1688
1.1813
1.1795
1.1874
1.1906
1.1816
1.189
1.187
1.1898
1.1877
1.1881
1.1883
1.1823
1.1706
1.1707
1.1737
1.1718
1.1737
1.1739
1.1885
1.1877
1.1949
1.1979
1.2143
1.2224
1.2264
1.2168
1.2187
1.238
1.2353
1.2408
1.2337
1.2325
1.2237
1.2254
1.2374
1.2385
1.2437
1.2579
1.2818
1.278
1.268
1.2586
1.2661
1.263
1.2468
1.2509
1.2298
1.2285
1.2307
1.2351
1.2414
1.2292
1.2436
1.2391
1.235
1.2419
1.2319
1.2401
1.2361
1.2369
1.2341
1.2533
1.2602
1.26
1.25
1.2613
1.2658
1.2703
1.2797
1.2763
1.2646
1.267
1.2398
1.2368
1.2401
1.2369
1.2425
1.2573
1.2588
1.2653
1.2613
1.2562
1.2717
1.2676
1.2678
1.2685
1.2621
1.2666
1.2613
1.2606
1.2652
1.264
1.2636
1.26
1.2699
1.2604
1.2614
1.2612
1.2576
1.2649
1.2662
1.2673
1.2631
1.2648
1.2653
1.2696
1.2821
1.2844
1.3038
1.3015
1.3042
1.3108
1.3039
1.3107
1.3064
1.3101
1.3046
1.2929
1.3017
1.3096
1.2923
1.2889
1.2923
1.2899
1.2972
1.2809
1.2802
1.276
1.2657
1.2558
1.2629
1.2582
1.2558
1.259
1.2613
1.2563
1.2557
1.2515
1.2505
1.245
1.2468
1.2425
1.2398
1.2445
1.2442
1.2485
1.2398
1.2398
1.2428
1.2422
1.2469
1.2446
1.2429
1.2435
1.245
1.2366
1.2414
1.2394
1.2375
1.2411
1.2655
1.2582
1.2622
1.2534
1.2556
1.2529
1.2602
1.2517
1.2711
1.2744
1.2735
1.2802
1.2756
1.2772
1.2762
1.2742
1.2913
1.2926
1.2916
1.2937
1.2896
1.2889
1.2904
1.2994
1.2834
1.2884
1.2877
1.2804
1.2787
1.2727
1.2779
1.2796
1.288
1.2861
1.2968
1.2961
1.3118
1.3215
1.3234
1.3309
1.3287
1.3326
1.3374
1.3299
1.3401
1.3384
1.3577
1.3832
1.3916
1.4245
1.4003
1.3916
1.3891
1.3877
1.3834
1.4096
1.3995
1.4145
1.3934
1.3848
1.3945
1.3944
1.3778
1.3906
1.4099
1.4127
1.3892
1.4289
1.4313
1.4173
1.425
1.4279
1.4023
1.3824
1.3937
1.3936
1.4049
1.4061
1.43
1.4441
1.4305
1.4126
1.4408
1.4208
1.4257
1.4271
1.4187
1.4086
1.4074
1.4196
1.4234
1.4259
1.4244
1.4314
1.4186
1.4076
1.3634
1.3482
1.3629
1.3566
1.3538
1.3596
1.3527
1.3577
1.3542
1.3592
1.3976
1.4197
1.4117
1.4046
1.3814
1.3911
1.3892
1.3863
1.3846
1.3808
1.3908
1.392
1.3952
1.3832
1.3981
1.3911
1.3986
1.4015
1.4071
1.4143
1.3993
1.413
1.4084
1.4106
1.3995
1.4187
1.4152
1.419
1.4145
1.4185
1.4184
1.4042
1.4027
1.3895
1.3957
1.4089
1.404
1.3994
1.4073
1.4224
1.4147
1.409
1.411
1.4031
1.4094
1.414
1.4168
1.4102
1.4204
1.3999
1.4066
1.3977
1.3879
1.3889
1.3912
1.3773
1.3524
1.362
1.3191
1.3222
1.3254
1.3244
1.3215
1.3148
1.3195
1.3246
1.3295
1.3329
1.3236
1.3227
1.3325
1.3384
1.3346
1.3374
1.3228
1.3209
1.3316
1.3262
1.3278
1.3089
1.3156
1.3173
1.3188
1.3152
1.3379
1.3711
1.3728
1.3648
1.361
1.3723
1.3782
1.3696
1.3707
1.3583
1.3644
1.3759
1.372
1.3837
1.3793
1.3709
1.3791
1.3711
1.3736
1.3832
1.3742
1.3904
1.401
1.4094
1.4027
1.4045
1.4045
1.3886
1.3893
1.3875
1.3803
1.3738
1.3793
1.3854
1.3813
1.3761
1.3854
1.382
1.3795
1.3842
1.39
1.3919
1.3889
1.3906
1.3891
1.3881
1.3842
1.3776
1.3593
1.3664
1.3602
1.3529
1.3554
1.3594
1.3651
1.353
1.3527
1.3526
1.3554
1.3512
1.3493
1.3596
1.3573
1.3668
1.3526
1.3606
1.3585
1.3611
1.3611
1.3658
1.3653
1.3601
1.3603
1.3613
1.352
1.3556
1.3544
1.3587
1.3642
1.3596
1.3558
1.3538
1.3483
1.3323
1.331
1.3266
1.3214
1.3249
1.3226
1.3184
1.3122
1.3116
1.3192
1.3118
1.3151
1.316
1.3208
1.3322
1.3298
1.3226
1.3246
1.3227
1.3247
1.3286
1.3337
1.3328
1.3504
1.3513
1.3491
1.348
1.35
1.3529
1.3465
1.3459
1.3341
1.328
1.3276
1.3226
1.3272
1.3215
1.3239
1.3148
1.3195
1.3267
1.3291
1.3288
1.3275
1.3245
1.3272
1.327
1.3213
1.3275
1.3233
1.3227
1.3166
1.3259
1.3224
1.3179
1.3193
1.3192
1.3212
1.3175
1.3197
1.3059
1.3062
1.3017
1.2996
1.2943
1.2967
1.2985
1.3015
1.2893
1.2891
1.2844
1.2871
1.2758
1.2815
1.2796
1.2769
1.2734
1.2786
1.2813
1.2819
1.2819
1.2899
1.287
1.2806
1.2739
1.2752
1.2761
1.2794
1.2748
1.2739
1.2691
1.2674
1.2688
1.2663
1.2689
1.2648
1.2748
1.2747
1.2839
1.2806
1.2772
1.2773
1.2796
1.2772
1.274
1.2742
1.2766
1.2811
1.2819
1.2861
1.2929
1.286
1.283
1.277
1.279
1.2816
1.2802
1.2879
1.2809
1.2836
1.2815
1.2871
1.2838
1.28
1.2824
1.2813
1.281
1.2861
1.2844
1.2908
1.3171
1.3163
1.311
1.3108
1.3167
1.3124
1.312
1.3228
1.32
1.3204
1.3243
1.3289
1.3254
1.3251
1.3198
1.3184
1.3167
1.3176
1.3261
1.3237
1.3246
1.3133
1.3171
1.3104
1.3142
1.3133
1.319
1.3106
1.3242
1.3214
1.3221
1.3243
1.3245
1.3189
1.3161
1.3168
1.3218
1.3157
1.3111
1.3045
1.2954
1.2948
1.2935
1.2921
1.2948
1.2917
1.2964
1.2922
1.29
1.2934
1.3021
1.2903
1.2849
1.2829
1.2837
1.2811
1.2763
1.2787
1.2767
1.2773
1.2782
1.2802
1.2797
1.2779
1.2792
1.2703
1.2705
1.268
1.268
1.2739
1.2828
1.285
1.2896
1.286
1.2872
1.2959
1.2938
1.2887
1.2923
1.2937
1.2868
1.2896
1.2932
1.2929
1.3017
1.2973
1.2978
1.2971
1.2959
1.3028
1.2988
1.3075
1.3059
1.297
1.2842
1.2839
1.2805
1.2758
1.2704
1.2575
1.2568
1.2532
1.2617
1.2639
1.2573
1.2608
1.2726
1.2696
1.256
1.2684
1.2622
1.2626
1.2549
1.2605
1.2581
1.2574
1.2557
1.2591
1.2591
1.2578
1.2687
1.2662
1.2479
1.2502
1.2501
1.241
1.2401
1.2335
1.2313
1.2271
1.2323
1.2265
1.2091
1.2031
1.2003
1.1917
1.2009
1.2008
1.1866
1.1889
1.1895
1.1948
1.1948
1.1933
1.187
1.1884
1.1828
1.1764
1.1793
1.164
1.1589
1.1616
1.1587
1.149
1.1585
1.151
1.1609
1.158
1.1701
1.1703
1.1573
1.1585
1.1572
1.1513
1.1411
1.1428
1.1405
1.1413
1.1491
1.146
1.1551
1.1465
1.1546
1.1551
1.1675
1.1625
1.1559
1.1599
1.1579
1.158
1.1588
1.1679
1.1642
1.1682
1.1727
1.1668
1.1714
1.1599
1.1423
1.1404
1.1336
1.1383
1.1361
1.1298
1.133
1.1311
1.1336
1.1429
1.1509
1.1394
1.1418
1.1398
1.132
1.1292
1.1343
1.1304
1.1353
1.1308
1.1286
1.1353
1.1366
1.1458
1.1591
1.1446
1.1562
1.1556
1.1531
1.1554
1.1434
1.1672
1.1567
1.154
1.1549
1.1596
1.1468
1.1544
1.1529
1.1454
1.1319
1.1328
1.1324
1.1317
1.1339
1.1462
1.1382
1.1402
1.1311
1.1253
1.1299
1.1302
1.1283
1.1338
1.131
1.1393
1.1345
1.1345
1.1335
1.1238
1.1213
1.1199
1.1148
1.1167
1.1154
1.1163
1.1104
1.1111
1.1173
1.0982
1.0902
1.0909
1.0906
1.093
1.0911
1.0886
1.0723
1.0714
1.0661
1.0641
1.0619
1.0651
1.0658
1.0638
1.0501
1.0479
1.0406
1.0398
1.0459
1.0593
1.0498
1.0488
1.0653
1.0627
1.0753
1.0654
1.0621
1.0541
1.0647
1.0745
1.0756
1.0877
1.0813
1.0912
1.0819
1.079
1.0667
1.0748
1.0762
1.0846
1.0806
1.0793
1.088
1.0988
1.1041
1.1089
1.1061
1.1037
1.0983
1.1016
1.0925
1.0913
1.1039
1.1101
1.1113
1.1096
1.1113
1.1002
1.1036
1.1132
1.1125
1.1133
1.1185
1.1217
1.1172
1.1167
1.1172
1.1205
1.1189
1.1032
1.1039
1.0931
1.0949
1.1069
1.1019
1.1204
1.1192
1.1309
1.1416
1.1334
1.1269
1.134
1.1378
1.135
1.1451
1.1483
1.1426
1.1382
1.1339
1.1302
1.1305
1.1301
1.1288
1.1227
1.1253
1.1251
1.1177
1.1122
1.1084
1.1091
1.1013
1.1006
1.1046
1.1039
1.0976
1.0937
1.0926
1.0942
1.1115
1.0997
1.1014
1.098
1.1024
1.1027
1.1013
1.0978
1.1022
1.1031
1.1018
1.1027
1.0928
1.0937
1.0874
1.0851
1.0719
1.065
1.0711
1.0739
1.0735
1.0737
1.0755
1.0746
1.0678
1.0665
1.0653
1.0636
1.077
1.0849
1.1003
1.0906
1.0976
1.0801
1.0704
1.0686
1.077
1.0796
1.0854
1.0934
1.0806
1.0755
1.0845
1.0749
1.0809
1.0761
1.076
1.0719
1.0739
1.0766
1.0746
1.0886
1.088
1.076
1.0777
1.0767
1.0782
1.0795
1.0889
1.0803
1.0802
1.0841
1.0832
1.083
1.0849
1.0921
1.09
1.0903
1.0869
1.0844
1.0855
1.0888
1.0864
1.0873
1.091
1.0876
1.076
1.0769
1.0741
1.0731
1.0752
1.0796
1.0817
1.0908
1.0875
1.0887
1.0881
1.1002
1.1007
1.0997
1.0979
1.1008
1.1054
1.103
1.1003
1.1036
1.1057
1.1023
1.1017
1.1025
1.1092
1.1104
1.116
1.1171
1.1148
1.1128
1.1083
1.109
1.109
1.1077
1.1035
1.1034
1.1052
1.1122
1.1187
1.1185
1.1149
1.1128
1.1067
1.107
1.1034
1.1084
1.1075
1.114
1.114
1.111
1.108
1.1077
1.0985
1.0904
1.0942
1.0895
1.0998
1.1045
1.1052
1.1067
1.1027
1.0979
1.0993
1.1031
1.0947
1.0921
1.0983
1.0895
1.0889
1.0885
1.0938
1.0896
1.087
1.0821
1.0893
1.0986
1.097
1.0988
1.1062
1.1075
1.1084
1.1057
1.1038
1.1064
1.1096
1.1048
1.1148
1.113
1.1068
1.11
1.1046
1.1125
1.1128
1.111
1.1077
1.1085
1.1068
1.1046
1.1056
1.0952
1.0987
1.0949
1.0973
1.0976
1.0989
1.0998
1.0982
1.0941
1.099
1.123
1.1307
1.1262
1.1283
1.1402
1.1386
1.1411
1.1357
1.145
1.1672
1.1596
1.1593
1.161
1.1614
1.16
1.1593
1.1624
1.1684
1.17
1.1744
1.1713
1.1753
1.1784
1.1802
1.1932
1.1962
1.2058
1.2092
1.2182
1.225
1.2133
1.1985
1.205
1.2004
1.2179
1.2172
1.2045
1.2028
1.1928
1.2016
1.2002
1.1837
1.1901
1.188
1.1902
1.1902
1.1875
1.1828
1.1782
1.1826
1.1746
1.1648
1.1699
1.1733
1.167
1.1683
1.1785
1.1789
1.1745
1.1661
1.1624
1.1545
1.156
1.1551
1.1553
1.149
1.16
1.1662
1.1743
1.177
1.1728
1.1686
1.1774
1.1757
1.1869
1.1927
1.1922
1.1837
1.1751
1.1787
1.1812
1.1757
1.1752
1.1739
1.173
1.1681
1.1723
1.1739
1.1683
1.1724
1.1815
1.1759
1.1627
1.171
1.1585
1.1504
1.156
1.1685
1.168
1.157
1.1597
1.1603
1.1566
1.1606
1.1588
1.1553
1.1565
1.1446
1.1409
1.1368
1.1322
1.1352
1.1309
1.1343
1.126
1.1314
1.1312
1.1323
1.1217
1.1306
1.1222
1.1211
1.1243
1.1196
1.1058
1.1018
1.1012
1.1006
1.1023
1.1029
1.0896
1.094
1.0875
1.0805
1.0818
1.0892
1.0887
1.0942
1.1036
1.09
1.0923
1.1011
1.1007
1.0974
1.089
1.0917
1.0889
1.0884
1.0837
1.0765
1.0731
1.0727
1.0762
1.0795
1.0786
1.071
1.0827
1.0776
1.0735
1.0792
1.0805
1.0782
1.0816
1.0685
1.0703
1.0662
1.0624
1.0586
1.0646
1.061
1.0587
1.0657
1.0627
1.0614
1.0575
1.0565
1.063
1.0754
1.0796
1.0757
1.0783
1.0717
1.0649
1.0662
1.066
1.0669
1.068
1.067
1.0619
1.0594
1.0602
1.0614
1.045
1.0425
1.043
1.042
1.0454
1.0358
1.033
1.0373
1.0301
1.0458
1.0467
1.0489
1.0514
1.0422
1.0431
1.0309
1.0341
1.0401
1.0344
1.0327
1.0335
1.0407
1.0428
1.0332
1.0326
1.0359
1.0238
1.0247
1.0226
1.0246
1.019
1.0219
1.02
1.0149
1.0172
1.0202
1.0199
1.0201
1.0319
1.0403
1.0514
1.0502
1.0525
1.0644
1.0637
1.0666
1.0713
1.0708
1.0685
1.0679
1.0779
1.0756
1.0733
1.0723
1.0707
1.0657
1.0678
1.0566
1.0583
1.0511
1.0525
1.0635
1.0679
1.0492
1.0535
1.0433
1.0459
1.0466
1.0495
1.0564
1.0578
1.0683
1.0613
1.0572
1.0589
1.0597
1.0537
1.0367
1.0417
1.036
1.0407
1.0389
1.0425
1.0367
1.0492
1.0434
1.0514
1.0439
1.046
1.052
1.0641
1.0678
1.0723
1.0735
1.0733
1.0689
1.0711
1.0634
1.0632
1.0772
1.0811
1.0774
1.0878
1.0817
1.0826
1.0765
1.0805
1.0693
1.0677
1.0594
1.0524
1.0523
1.0521
1.0518
1.0523
1.0489
1.0371
1.0417
1.0383
1.0404
1.0444
1.0407
1.0319
1.0333
1.0303
1.041
1.0296
1.0302
1.0317
1.0278
1.0187
1.0183
1.0173
1.0089
1.0088
1.0085
1.0019
1.0032
1.0225
1.025
1.0278
1.0216
1.0133
1.0139
1.0056
1.0073
1.0191
1.0075
1.014
1.0083
1.0091
1.0156
1.0138
1.0133
1.0068
1.0046
1.0086
1.0086
1.0246
1.0292
1.0327
1.0325
1.0301
1.0253
1.0336
1.0308
1.026
1.0126
1.0119
1.0152
1.0124
1.0167
1.009
1.0071
1.0011
1.0006
0.9882
0.9745
0.9711
0.9714
0.9766
0.9899
0.9838
0.981
0.9861
0.9933
0.9852
0.9808
0.9791
0.9816
0.9862
0.9868
0.984
0.989
1.0048
1.0037
0.9915
0.9745
0.9677
0.9626
0.9698
0.9635
0.9601
0.9579
0.959
0.9617
0.9665
0.9635
0.9646
0.9681
0.9653
0.9714
0.9729
0.973
0.9588
0.9606
0.972
0.9785
0.9669
0.9597
0.9534
0.9616
0.9576
0.958
0.955
0.9605
0.9576
0.9552
0.9624
0.9592
0.9587
0.953
0.9583
0.9477
0.9455
0.9395
0.9401
0.9389
0.9393
0.9221
0.9237
0.9113
0.9112
0.9156
0.9069
0.8955
0.8913
0.8955
0.8974
0.9076
0.9042
0.9024
0.9153
0.9085
0.9008
0.8951
0.8954
0.8975
0.9033
0.9074
0.9033
0.9126
0.9324
0.9274
0.93
0.9365
0.9326
0.9468
0.9466
0.9547
0.9594
0.9543
0.9533
0.9536
0.9592
0.9576
0.9545
0.9648
0.958
0.9544
0.9451
0.9366
0.9363
0.9372
0.9458
0.9428
0.9508
0.9527
0.9509
0.9512
0.9532
0.9498
0.9482
0.9552
0.9518
0.9418
0.9374
0.9386
0.9365
0.9251
0.9247
0.9336
0.9365
0.9342
0.9387
0.9438
0.9321
0.9228
0.9269
0.9147
0.914
0.9063
0.9084
0.908
0.9024
0.9013
0.908
0.904
0.9061
0.9129
0.9164
0.9165
0.9071
0.9024
0.8972
0.9027
0.9024
0.9025
0.9002
0.8928
0.8954
0.8888
0.9006
0.8979
0.89
0.8717
0.8725
0.867
0.8587
0.8639
0.8601
0.8646
0.8532
0.8546
0.8517
0.8494
0.861
0.877
0.8747
0.8832
0.8836
0.8797
0.8848
0.8775
0.8762
0.875
0.8695
0.8687
0.8685
0.8721
0.8655
0.863
0.857
0.8507
0.8545
0.8394
0.8437
0.8425
0.8354
0.8363
0.8273
0.8301
0.8393
0.8401
0.8491
0.8612
0.8585
0.8677
0.8635
0.8608
0.8557
0.8662
0.8611
0.8579
0.8567
0.8579
0.8541
0.8485
0.851
0.844
0.845
0.84
0.8383
0.8527
0.8561
0.8575
0.8729
0.88
0.8846
0.8807
0.8922
0.8895
0.8899
0.8787
0.8806
0.8777
0.8925
0.8967
0.895
0.8954
0.9086
0.9158
0.9237
0.9257
0.93
0.9315
0.9301
0.9426
0.9411
0.9511
0.9275
0.9502
0.9579
0.9478
0.9435
0.9375
0.9527
0.9522
0.9425
0.9417
0.9367
0.9429
0.9348
0.9391
0.9349
0.9246
0.9247
0.9249
0.9175
0.9266
0.9379
0.9375
0.9365
0.9383
0.9316
0.9297
0.9184
0.9246
0.9326
0.9211
0.9182
0.9059
0.9148
0.9217
0.911
0.9101
0.904
0.9197
0.9107
0.9178
0.9239
0.9299
0.9366
0.9269
0.9343
0.9289
0.933
0.9335
0.9296
0.9142
0.9111
0.8988
0.8983
0.8991
0.9116
0.8957
0.8889
0.889
0.8968
0.8934
0.8867
0.8826
0.8755
0.8809
0.897
0.9012
0.8964
0.904
0.8972
0.8888
0.8887
0.8923
0.8882
0.8887
0.8827
0.8837
0.8973
0.9027
0.8973
0.8933
0.8975
0.9027
0.892
0.8894
0.8933
0.8939
0.8896
0.8939
0.8905
0.8852
0.8863
0.8814
0.8768
0.8742
0.8782
0.883
0.8827
0.88
0.8765
0.8652
0.8555
0.857
0.8605
0.8603
0.8558
0.8551
0.8444
0.848
0.8461
0.8547
0.8471
0.8515
0.8506
0.8442
0.8532
0.8552
0.8629
0.8615
0.8606
0.8539
0.8555
0.8548
0.8573
0.8589
0.8638
0.8596
0.8443
0.8494
0.8473
0.8477
0.8464
0.8375
0.848
0.8495
0.855
0.8581
0.8539
0.8546
0.8527
0.8593
0.8738
0.8719
0.8713
0.8691
0.8734
0.8803
0.8776
0.8776
0.8741
0.8763
0.8811
0.8834
0.8843
0.8814
0.8776
0.8806
0.8922
0.893
0.8971
0.9027
0.9138
0.9114
0.9182
0.9139
0.9178
0.9131
0.9147
0.9148
0.9117
0.9127
0.9092
0.9163
0.9126
0.908
0.8882
0.8865
0.8956
0.9076
0.8982
0.9111
0.9071
0.9108
0.9206
0.9244
0.9268
0.9263
0.9275
0.9145
0.9164
0.9231
0.9229
0.9177
0.9114
0.917
0.9183
0.9138
0.918
0.9185
0.9203
0.9133
0.9105
0.9025
0.9114
0.9079
0.9078
0.9033
0.9035
0.8989
0.8912
0.8902
0.8937
0.8925
0.8923
0.9051
0.9047
0.9002
0.9024
0.904
0.8974
0.8943
0.8979
0.8926
0.8943
0.8938
0.8811
0.8826
0.8819
0.8843
0.8781
0.8832
0.8778
0.8782
0.8783
0.8805
0.8832
0.8877
0.8874
0.8966
0.8914
0.8904
0.888
0.8947
0.8904
0.8908
0.8923
0.8976
0.8926
0.9042
0.9019
0.9031
0.9009
0.899
0.8888
0.8791
0.8792
0.8803
0.8835
0.8849
0.8897
0.8896
0.9033
0.8993
0.8945
0.8934
0.8934
0.8916
0.8912
0.8924
0.8942
0.8835
0.8835
0.8813
0.8847
0.8834
0.8868
0.8773
0.8776
0.8652
0.8618
0.865
0.8622
0.8593
0.8621
0.8698
0.8672
0.8668
0.8703
0.8729
0.8765
0.8767
0.871
0.8742
0.8736
0.8706
0.8763
0.8694
0.8704
0.8757
0.8691
0.8638
0.866
0.8693
0.8655
0.8699
0.8717
0.8764
0.8814
0.8747
0.8751
0.8757
0.8756
0.8825
0.8826
0.8825
0.8819
0.8857
0.8825
0.8773
0.8769
0.8767
0.8726
0.8713
0.8723
0.8807
0.8795
0.8809
0.8783
0.879
0.8747
0.8811
0.8805
0.8821
0.8807
0.8793
0.8823
0.8905
0.8908
0.8919
0.8896
0.8887
0.8927
0.8977
0.9015
0.9031
0.9004
0.9063
0.903
0.917
0.918
0.9143
0.905
0.9097
0.9142
0.9121
0.903
0.9123
0.9117
0.9207
0.9209
0.9193
0.9258
0.9215
0.9206
0.921
0.9284
0.9354
0.9366
0.934
0.9409
0.9394
0.9391
0.9472
0.9427
0.9441
0.9482
0.9433
0.943
0.9456
0.9446
0.9525
0.9577
0.9645
0.9705
0.9707
0.979
0.9824
0.988
0.9912
0.991
0.9864
0.9803
0.9786
0.9732
0.9907
0.9925
0.9889
0.9878
0.9906
1.0036
1.0125
1.0069
1.0122
1.0118
1.0079
0.9894
0.9952
1.0035
0.9873
0.9812
0.9833
0.9771
0.9845
0.9867
0.9804
0.9663
0.9747
0.9668
0.9703
0.9786
0.9846
0.9773
0.9825
0.9852
0.9774
0.9775
0.9799
0.9692
0.9731
0.9716
0.9829
0.9788
0.9838
0.9822
0.9846
0.9966
0.9916
0.9915
0.9817
0.9797
0.9751
0.976
0.9812
0.9716
0.9687
0.9736
0.977
0.9872
0.9822
0.9778
0.9826
0.9765
0.9772
0.9808
0.9867
0.9823
0.9864
0.9874
0.9792
0.9826
0.9792
0.9901
0.9864
0.9872
0.9874
0.9819
0.9808
0.9708
0.9725
0.9733
0.9774
0.9752
0.9775
0.976
0.9848
0.9831
0.9838
0.9905
0.9965
0.998
1
1.0035
1.0095
1.0133
1.0105
1.0126
1.0084
1.0042
1.0099
1.0092
1.0038
1.0019
1.0019
0.9967
0.9923
0.9934
0.9906
0.994
0.995
0.9973
0.9966
1.0008
1.0008
1.0099
1.0103
1.0078
1.0084
1.0185
1.0238
1.0227
1.0282
1.0271
1.0275
1.0269
1.0263
1.0301
1.0318
1.0378
1.044
1.0493
1.0494
1.0492
1.0358
1.0425
1.0463
1.041
1.0499
1.0488
1.0585
1.0539
1.0555
1.0562
1.0618
1.0669
1.0678
1.0728
1.0734
1.0742
1.0827
1.0848
1.0827
1.0844
1.0819
1.077
1.0787
1.089
1.078
1.0826
1.0819
1.0728
1.0736
1.0709
1.0829
1.0793
1.0711
1.0688
1.0747
1.0827
1.0775
1.08
1.0766
1.0783
1.0743
1.0806
1.0892
1.0888
1.0961
1.0974
1.1008
1.106
1.1044
1.0997
1.078
1.0749
1.0623
1.0634
1.0562
1.0612
1.0528
1.064
1.0656
1.0696
1.0699
1.0785
1.0915
1.0918
1.0768
1.076
1.0734
1.0688
1.0724
1.077
1.0787
1.0749
1.077
1.0804
1.0909
1.0884
1.0882
1.086
1.0972
1.0948
1.1033
1.1033
1.0987
1.1078
1.1183
1.1237
1.1233
1.129
1.1439
1.1353
1.1485
1.149
1.1567
1.1536
1.1475
1.1384
1.1597
1.1648
1.1713
1.1641
1.1694
1.1841
1.186
1.1814
1.1755
1.1907
1.1774
1.1768
1.174
1.1639
1.1845
1.17
1.1717
1.1671
1.1755
1.1765
1.1873
1.1824
1.1783
1.1685
1.1723
1.1608
1.155
1.1515
1.1534
1.1423
1.1435
1.1524
1.1568
1.1532
1.1498
1.1492
1.1315
1.1317
1.1351
1.1381
1.1284
1.1285
1.1176
1.122
1.1216
1.1269
1.1349
1.133
1.1486
1.1473
1.1507
1.1486
1.1441
1.1357
1.1233
1.1277
1.1355
1.1387
1.1333
1.1376
1.1309
1.1362
1.1284
1.1312
1.1272
1.1258
1.1152
1.1145
1.112
1.093
1.0875
1.0848
1.0861
1.0873
1.0884
1.0985
1.0964
1.0813
1.0842
1.0942
1.1105
1.1071
1.1226
1.1206
1.1204
1.129
1.1286
1.1173
1.1284
1.1248
1.1385
1.1464
1.1438
1.1488
1.1477
1.1475
1.1626
1.1656
1.1728
1.1691
1.1578
1.1707
1.1773
1.1821
1.1744
1.1797
1.1714
1.1731
1.1616
1.1588
1.168
1.1627
1.167
1.1808
1.1796
1.1792
1.1747
1.1667
1.1662
1.1626
1.1584
1.1463
1.1494
1.1439
1.1416
1.1535
1.1481
1.1517
1.1633
1.1733
1.1782
1.1748
1.1973
1.1876
1.191
1.1917
1.177
1.1787
1.1941
1.1914
1.1994
1.1978
1.2081
1.2111
1.2085
1.2166
1.2222
1.2253
1.2218
1.2224
1.2293
1.2322
1.2327
1.2412
1.2426
1.2378
1.2399
1.2393
1.2456
1.2429
1.2485
1.2546
1.2558
1.2589
1.2674
1.2726
1.2631
1.2763
1.2842
1.2749
1.2774
1.2649
1.2578
1.2376
1.2353
1.2582
1.2645
1.2718
1.2586
1.2462
1.264
1.247
1.2411
1.2473
1.2424
1.2544
1.2536
1.2546
1.2701
1.2702
1.2672
1.2832
1.2811
1.2742
1.2771
1.2841
1.2687
1.2715
1.2527
1.2556
1.2685
1.2502
1.244
1.2493
1.2461
1.2215
1.2205
1.2199
1.2374
1.2406
1.2326
1.2227
1.2354
1.2219
1.2268
1.227
1.2239
1.2392
1.2275
1.2334
1.2339
1.2134
1.2132
1.2125
1.2159
1.2171
1.2316
1.2368
1.2135
1.2003
1.2143
1.217
1.2084
1.2095
1.2079
1.1938
1.1957
1.1977
1.1992
1.2006
1.1848
1.1835
1.1908
1.1836
1.186
1.1926
1.1841
1.1965
1.1976
1.1939
1.2099
1.2176
1.2082
1.1888
1.185
1.1871
1.19
1.1821
1.1888
1.2027
1.1952
1.2009
1.1965
1.1993
1.2004
1.2109
1.2106
1.2261
1.2213
1.2186
1.2247
1.2215
1.2227
1.2285
1.2322
1.2269
1.2046
1.2107
1.2018
1.2054
1.2161
1.2012
1.2052
1.2138
1.2113
1.2104
1.2094
1.2171
1.2158
1.2184
1.2083
1.2199
1.2161
1.2319
1.2277
1.2283
1.2374
1.2384
1.2414
1.2407
1.2329
1.2381
1.2355
1.2445
1.2441
1.2331
1.2258
1.2257
1.2102
1.2142
1.2053
1.2055
1.2047
1.2024
1.2027
1.2061
1.2052
1.2064
1.2279
1.2272
1.2237
1.2218
1.2253
1.2371
1.2363
1.2354
1.2336
1.2367
1.2313
1.2144
1.2079
1.2083
1.2102
1.2011
1.2047
1.2182
1.219
1.2174
1.206
1.2065
1.2108
1.2184
1.2214
1.2264
1.2258
1.2256
1.215
1.2184
1.218
1.2176
1.2336
1.2264
1.2269
1.2266
1.23
1.2325
1.2334
1.2437
1.2411
1.2286
1.2315
1.2289
1.2287
1.2409
1.2378
1.2329
1.2348
1.2386
1.2477
1.2494
1.2515
1.2588
1.2617
1.2673
1.2807
1.2767
1.2714
1.2746
1.2799
1.2753
1.2744
1.2822
1.2874
1.2965
1.2919
1.29
1.289
1.2904
1.2976
1.2948
1.2958
1.3041
1.2957
1.3024
1.3049
1.3089
1.3188
1.3171
1.3293
1.3277
1.328
1.3348
1.3266
1.3459
1.3402
1.3421
1.3337
1.3314
1.3226
1.3314
1.3297
1.3393
1.324
1.3285
1.3394
1.3373
1.339
1.3515
1.3532
1.3619
1.3611
1.3605
1.3638
1.3562
1.3464
1.3279
1.326
1.3173
1.3049
1.3078
1.311
1.3256
1.3218
1.3106
1.3066
1.3022
1.3011
1.2963
1.3049
1.306
1.2974
1.3072
1.3045
1.3047
1.3039
1.3047
1.3026
1.2974
1.2873
1.2757
1.2763
1.2805
1.2874
1.2866
1.2978
1.3027
1.3028
1.3069
1.3068
1.3068
1.3262
1.3213
1.3195
1.3244
1.3223
1.3188
1.3137
1.3108
1.3243
1.3213
1.3346
1.3394
1.3418
1.3453
1.3367
1.3306
1.3418
1.3378
1.3319
1.3158
1.3087
1.2984
1.2939
1.2957
1.2901
1.2921
1.2915
1.2963
1.2906
1.2845
1.287
1.287
1.2858
1.2927
1.2973
1.2921
1.2915
1.2811
1.2923
1.3024
1.3064
1.3087
1.3049
1.3064
1.3005
1.2984
1.2931
1.2894
1.2868
1.2864
1.2872
1.2946
1.2958
1.2822
1.2843
1.2881
1.2816
1.2695
1.2624
1.2641
1.2607
1.2679
1.2643
1.2559
1.2578
1.2584
1.2599
1.2513
1.2582
1.2475
1.2306
1.218
1.2269
1.2224
1.226
1.2285
1.2234
1.223
1.2119
1.2108
1.2032
1.2117
1.2108
1.2281
1.2155
1.2184
1.2128
1.2039
1.2104
1.2163
1.2053
1.2071
1.2107
1.1951
1.1901
1.1911
1.1933
1.1952
1.1959
1.2072
1.2242
1.2092
1.2085
1.2041
1.205
1.2035
1.2141
1.2173
1.2063
1.2061
1.2014
1.2066
1.2138
1.2126
1.218
1.219
1.2336
1.2384
1.235
1.2352
1.2372
1.2381
1.2472
1.244
1.2368
1.2364
1.2271
1.2174
1.2165
1.2227
1.2236
1.2273
1.2301
1.2286
1.2235
1.2221
1.234
1.2495
1.2544
1.2544
1.2468
1.2416
1.2398
1.2413
1.2287
1.2268
1.2287
1.2223
1.2232
1.2142
1.2114
1.2215
1.2155
1.2048
1.2073
1.2012
1.2036
1.2032
1.2019
1.1919
1.1916
1.1973
1.2179
1.2125
1.2068
1.1993
1.2023
1.2025
1.2085
1.2023
1.1959
1.1991
1.2023
1.195
1.1985
1.2108
1.207
1.2141
1.2068
1.1993
1.2021
1.2074
1.1945
1.1824
1.1804
1.1781
1.1763
1.1687
1.1731
1.1686
1.1718
1.1671
1.175
1.1769
1.1727
1.1815
1.1822
1.179
1.1726
1.185
1.1778
1.1788
1.1738
1.1717
1.1788
1.1778
1.1726
1.1819
1.1815
1.1954
1.1944
1.2001
1.1978
1.2014
1.2007
1.1857
1.1837
1.1868
1.1873
1.1828
1.1832
1.184
1.1837
1.2018
1.212
1.211
1.2153
1.2087
1.2065
1.2129
1.2036
1.2133
1.2126
1.2105
1.2111
1.2096
1.2136
1.2308
1.228
1.2242
1.2209
1.2103
1.209
1.2156
1.2063
1.2092
1.202
1.1968
1.1978
1.1961
1.1979
1.1895
1.1898
1.1916
1.1889
1.1906
1.1933
1.1938
1.191
1.1913
1.1918
1.1868
1.1847
1.1921
1.1923
1.2039
1.2034
1.2018
1.1887
1.1924
1.191
1.1917
1.1965
1.2014
1.207
1.2183
1.2193
1.2163
1.2094
1.2075
1.1971
1.2035
1.2017
1.1999
1.2024
1.2164
1.2116
1.2139
1.2258
1.2287
1.2229
1.2101
1.2111
1.2144
1.2105
1.2109
1.2111
1.2251
1.2349
1.238
1.2317
1.2346
1.2389
1.243
1.2452
1.2534
1.2617
1.2588
1.2616
1.263
1.2692
1.273
1.2712
1.276
1.2783
1.2837
1.2925
1.2801
1.2859
1.2743
1.2846
1.2772
1.2867
1.2816
1.2752
1.28
1.2725
1.2751
1.287
1.281
1.2805
1.2924
1.2908
1.2834
1.2785
1.2653
1.2641
1.2586
1.2534
1.2597
1.2636
1.2637
1.2577
1.2581
1.2659
1.2579
1.2512
1.2581
1.2579
1.2556
1.2666
1.279
1.2802
1.2799
1.2726
1.2781
1.2813
1.273
1.2776
1.2705
1.2691
1.2647
1.2519
1.2505
1.2587
1.2627
1.2698
1.2635
1.258
1.2718
1.2699
1.2751
1.2766
1.2828
1.2788
1.2804
1.2878
1.2841
1.2834
1.286
1.2794
1.2729
1.2713
1.2784
1.2842
1.2828
1.2832
1.2893
1.2803
1.2786
1.2766
1.2759
1.278
1.2823
1.2833
1.2814
1.2839
1.2874
1.2817
1.2804
1.2732
1.2678
1.2702
1.2688
1.2691
1.2725
1.2661
1.2705
1.2678
1.2686
1.2779
1.2788
1.2748
1.2691
1.2702
1.2704
1.2681
1.2738
1.273
1.2716
1.2693
1.2594
1.2595
1.2538
1.2515
1.2557
1.2509
1.2534
1.2546
1.2533
1.2625
1.2619
1.2554
1.2557
1.2603
1.2694
1.2735
1.2724
1.2761
1.2756
1.2779
1.2717
1.2722
1.2774
1.2757
1.2829
1.2847
1.2806
1.281
1.2828
1.2797
1.2826
1.2816
1.2845
1.2943
1.2944
1.3096
1.3134
1.3199
1.3154
1.3243
1.3337
1.3343
1.3317
1.3287
1.3286
1.3203
1.3236
1.3284
1.3212
1.3143
1.3083
1.3096
1.3196
1.3173
1.3175
1.3143
1.3096
1.3113
1.3148
1.3196
1.3274
1.3171
1.3083
1.3002
1.3023
1.2999
1.2937
1.2892
1.2917
1.2937
1.2917
1.2937
1.2963
1.2962
1.2949
1.3025
1.297
1.2932
1.2914
1.2957
1.2968
1.3033
1.3021
1.2965
1.2928
1.2983
1.3011
1.304
1.3004
1.2966
1.3038
1.3129
1.3141
1.3139
1.3155
1.3139
1.3138
1.3123
1.3166
1.3187
1.3243
1.3229
1.3186
1.3192
1.309
1.3127
1.3176
1.3134
1.3114
1.3189
1.3196
1.3222
1.3236
1.3311
1.3301
1.3318
1.3385
1.3333
1.3289
1.333
1.3349
1.3312
1.333
1.3357
1.3365
1.3329
1.3368
1.3429
1.3373
1.3354
1.3438
1.3431
1.3481
1.353
1.3533
1.3566
1.3608
1.3611
1.3592
1.3576
1.3639
1.3638
1.36
1.365
1.3647
1.3604
1.3591
1.3549
1.3596
1.36
1.3543
1.3527
1.3483
1.3529
1.3545
1.3591
1.3514
1.3493
1.3511
1.3468
1.3447
1.3459
1.3428
1.3445
1.3451
1.3448
1.3428
1.3451
1.3446
1.3489
1.3523
1.3503
1.3432
1.3368
1.3358
1.3302
1.331
1.3311
1.3379
1.3414
1.3426
1.3404
1.3388
1.3466
1.3462
1.3453
1.3453
1.3449
1.3533
1.3623
1.3607
1.3612
1.3598
1.3624
1.3625
1.3747
1.3745
1.3787
1.3787
1.3773
1.3781
1.3803
1.3803
1.3825
1.3807
1.3822
1.372
1.3746
1.3637
1.3696
1.3683
1.3667
1.3703
1.3787
1.3793
1.3736
1.3798
1.3677
1.3694
1.3613
1.3533
1.3441
1.3426
1.3491
1.3475
1.3464
1.3543
1.3565
1.3667
1.3647
1.3604
1.3677
1.3625
1.3622
1.3623
1.3604
1.3645
1.369
1.3766
1.3801
1.3838
1.3903
1.3884
1.3876
1.3867
1.3983
1.3957
1.4064
1.4089
1.4086
1.4138
1.4127
1.4152
1.4259
1.4231
1.4154
1.409
1.4138
1.4134
1.4047
1.4106
1.4145
1.4196
1.4177
1.4204
1.4171
1.4207
1.4294
1.4296
1.4181
1.4262
1.4266
1.4323
1.439
1.4425
1.4432
1.4487
1.4424
1.4513
1.4469
1.4556
1.4635
1.4677
1.4669
1.453
1.4603
1.465
1.4613
1.4648
1.4665
1.4838
1.4858
1.4849
1.4836
1.4872
1.4831
1.484
1.4744
1.463
1.4667
1.4762
1.461
1.4637
1.4654
1.4711
1.4654
1.4707
1.4633
1.4423
1.44
1.4413
1.4383
1.433
1.4357
1.4403
1.4488
1.4625
1.4715
1.4599
1.4717
1.475
1.4752
1.4695
1.4706
1.4659
1.4804
1.4777
1.4868
1.4805
1.465
1.4642
1.4616
1.4454
1.4627
1.4627
1.4754
1.4671
1.4781
1.4776
1.486
1.486
1.4798
1.4828
1.4647
1.4628
1.4485
1.4512
1.4518
1.4583
1.4573
1.4641
1.4678
1.4656
1.4725
1.4714
1.4814
1.4831
1.4829
1.4975
1.512
1.5195
1.518
1.5204
1.5217
1.5263
1.5381
1.5345
1.5343
1.5338
1.555
1.5636
1.567
1.5728
1.5625
1.5624
1.5427
1.5438
1.5422
1.5649
1.5848
1.5778
1.5804
1.5788
1.5612
1.5685
1.5681
1.573
1.571
1.5712
1.5831
1.5742
1.5826
1.5831
1.5789
1.5947
1.5908
1.5808
1.591
1.5991
1.5887
1.5686
1.5592
1.5656
1.5573
1.5622
1.5474
1.5412
1.5496
1.5532
1.5392
1.5393
1.5481
1.5553
1.5474
1.5473
1.5446
1.5594
1.551
1.5646
1.5794
1.5729
1.5774
1.5769
1.5691
1.5638
1.5519
1.5557
1.5536
1.5444
1.5438
1.5592
1.5769
1.5646
1.5467
1.5551
1.5438
1.5362
1.5476
1.551
1.5534
1.5504
1.5625
1.5518
1.5567
1.5666
1.5756
1.579
1.5754
1.5792
1.5882
1.5703
1.5698
1.5727
1.5669
1.5742
1.5788
1.5923
1.5908
1.5911
1.5826
1.5862
1.5837
1.5922
1.5786
1.5697
1.5678
1.5698
1.574
1.5588
1.5575
1.5603
1.554
1.5576
1.5453
1.5404
1.5324
1.5017
1.4909
1.4926
1.4918
1.4825
1.4672
1.4694
1.4775
1.4746
1.4898
1.4773
1.4753
1.4656
1.4727
1.4706
1.467
1.4615
1.4519
1.4498
1.4325
1.4234
1.4126
1.4133
1.3998
1.3994
1.4214
1.4245
1.4132
1.4326
1.4348
1.4473
1.4775
1.4649
1.462
1.4608
1.4612
1.4437
1.4093
1.4008
1.3818
1.3804
1.3503
1.359
1.3655
1.3604
1.3413
1.3576
1.3619
1.35
1.3453
1.3403
1.3344
1.3063
1.2855
1.2933
1.2582
1.2493
1.2681
1.2955
1.2913
1.2742
1.2643
1.298
1.2955
1.2718
1.2762
1.2747
1.2522
1.2504
1.2774
1.2686
1.2648
1.2618
1.249
1.2452
1.2577
1.2949
1.3064
1.288
1.2903
1.27
1.2606
1.2712
1.2716
1.2779
1.2715
1.2958
1.2928
1.302
1.3358
1.3375
1.3687
1.4011
1.4419
1.4251
1.3919
1.3941
1.3925
1.3993
1.4058
1.3926
1.4057
1.3936
1.3852
1.3633
1.3533
1.3644
1.3703
1.3429
1.336
1.3182
1.3192
1.3121
1.3288
1.3071
1.2906
1.3021
1.3001
1.2985
1.3188
1.3158
1.3164
1.2955
1.2804
1.2841
1.304
1.2847
1.279
1.2925
1.3002
1.2913
1.2906
1.2861
1.2888
1.2803
1.2582
1.253
1.2673
1.2835
1.2692
1.2845
1.2723
1.2741
1.2676
1.2577
1.2561
1.266
1.2539
1.2638
1.2611
1.2682
1.2836
1.291
1.2913
1.2968
1.3016
1.3477
1.3664
1.3566
1.3631
1.3467
1.3582
1.3526
1.3298
1.3198
1.325
1.3248
1.346
1.3487
1.3416
1.3271
1.3279
1.3168
1.3175
1.3369
1.3259
1.3226
1.3185
1.3025
1.2922
1.2946
1.3005
1.3144
1.3242
1.3034
1.3148
1.3268
1.3228
1.3265
1.3406
1.3329
1.3333
1.339
1.3627
1.3582
1.3647
1.3599
1.3639
1.3489
1.3561
1.3632
1.378
1.3889
1.4001
1.4014
1.3984
1.3825
1.3943
1.4137
1.4157
1.4303
1.4162
1.4181
1.3963
1.39
1.4063
1.3982
1.4107
1.3998
1.3801
1.3836
1.3944
1.39
1.3946
1.3867
1.4078
1.3929
1.3986
1.4068
1.4082
1.4032
1.4142
1.4002
1.3976
1.3983
1.3923
1.3882
1.4019
1.3948
1.3977
1.3966
1.4107
1.4148
1.41
1.4231
1.4224
1.4219
1.4141
1.4214
1.4234
1.4166
1.4049
1.4073
1.4251
1.4411
1.4407
1.4403
1.4346
1.417
1.414
1.415
1.4189
1.4292
1.4189
1.4082
1.4134
1.4223
1.4253
1.4335
1.4303
1.4297
1.4254
1.4342
1.43
1.4333
1.4224
1.4263
1.4252
1.4303
1.4332
1.4478
1.4559
1.4582
1.4581
1.4621
1.4656
1.4709
1.4741
1.4702
1.4682
1.479
1.4734
1.4666
1.4669
1.4619
1.4588
1.4641
1.4545
1.457
1.4649
1.472
1.4691
1.4793
1.4708
1.4773
1.4853
1.4923
1.4948
1.4893
1.4964
1.4945
1.5016
1.5032
1.4995
1.4875
1.4804
1.4704
1.4822
1.4716
1.4775
1.4723
1.4861
1.4872
1.4845
1.5
1.4992
1.4985
1.4848
1.492
1.4969
1.4876
1.4963
1.4925
1.4861
1.496
1.4968
1.5133
1.5018
1.4967
1.5005
1.508
1.5044
1.5052
1.4845
1.4826
1.4702
1.4725
1.4731
1.4628
1.4656
1.4537
1.453
1.4337
1.4335
1.4276
1.4249
1.4337
1.4358
1.4378
1.4352
1.4338
1.4326
1.4412
1.4365
1.4406
1.4307
1.4416
1.4512
1.4484
1.451
1.4499
1.4379
1.4383
1.4287
1.4106
1.4083
1.414
1.415
1.4071
1.4023
1.3971
1.3865
1.393
1.3963
1.3893
1.3723
1.3664
1.3648
1.3796
1.3736
1.3692
1.3616
1.3599
1.377
1.3606
1.3524
1.3594
1.3595
1.3507
1.3538
1.3547
1.3615
1.3559
1.3614
1.3696
1.358
1.362
1.3633
1.3601
1.3656
1.368
1.3761
1.3676
1.3765
1.3737
1.3607
1.3536
1.3557
1.3497
1.3313
1.3272
1.3414
1.3482
1.3413
1.3509
1.3588
1.349
1.3483
1.3398
1.3343
1.336
1.3493
1.3591
1.3612
1.3653
1.3572
1.3509
1.3489
1.3434
1.339
1.3294
1.3373
1.3382
1.3173
1.322
1.3233
1.3313
1.3194
1.2986
1.2813
1.2621
1.273
1.2786
1.2662
1.2613
1.2534
1.2381
1.2396
1.2201
1.2414
1.2485
1.2572
1.2371
1.2344
1.2177
1.2361
1.2268
1.2304
1.2229
1.225
1.2162
1.1965
1.1923
1.1972
1.1978
1.2123
1.2093
1.222
1.2332
1.2309
1.2388
1.2373
1.2312
1.227
1.231
1.2333
1.2384
1.2276
1.2187
1.2236
1.2526
1.2549
1.2537
1.2625
1.2637
1.2697
1.2639
1.2596
1.2724
1.2743
1.2948
1.2926
1.2941
1.288
1.2753
1.2892
1.2914
1.2993
1.2995
1.2994
1.3078
1.303
1.3179
1.3229
1.316
1.3187
1.3291
1.3221
1.3175
1.2862
1.2828
1.2752
1.2825
1.288
1.2849
1.282
1.2708
1.2656
1.2626
1.2658
1.2715
1.2732
1.2662
1.2679
1.2807
1.2824
1.2895
1.2876
1.2682
1.272
1.2694
1.2709
1.2882
1.2997
1.301
1.3077
1.3036
1.306
1.3263
1.3405
1.3313
1.3491
1.3453
1.3584
1.3626
1.3634
1.3779
1.3684
1.3838
1.393
1.3925
1.3928
1.3877
1.3924
1.3961
1.4083
1.3973
1.3933
1.3726
1.3963
1.3919
1.3928
1.3964
1.3857
1.3766
1.3929
1.3917
1.3891
1.4032
1.4137
1.4207
1.4033
1.3919
1.3772
1.3782
1.3666
1.3692
1.3585
1.3487
1.3527
1.364
1.3685
1.3624
1.3365
1.3333
1.336
1.3247
1.3124
1.298
1.3137
1.3207
1.3411
1.3306
1.3259
1.326
1.3236
1.3227
1.3391
1.3377
1.3212
1.3241
1.3184
1.3128
1.3099
1.3098
1.3112
1.3115
1.3162
1.3114
1.3225
1.3289
1.3365
1.33597
1.33064
1.31482
1.30014
1.29082
1.29498
1.29731
1.31341
1.3362
1.33726
1.32924
1.33867
1.3472
1.34713
1.36133
1.36364
1.36813
1.37111
1.37319
1.36068
1.36921
1.38273
1.38088
1.36326
1.35863
1.35812
1.3624
1.37308
1.36015
1.35461
1.3487
1.34851
1.35672
1.36074
1.36843
1.36749
1.36487
1.37476
1.37988
1.37515
1.3805
1.37757
1.38637
1.39681
1.39838
1.3966
1.39035
1.39073
1.37966
1.39013
1.39903
1.39972
1.38982
1.40199
1.41671
1.42251
1.41952
1.40861
1.41757
1.40739
1.40858
1.41112
1.41254
1.41562
1.42216
1.42192
1.42211
1.43305
1.43069
1.44551
1.44346
1.44759
1.44418
1.44856
1.44258
1.42311
1.43329
1.4521
1.45512
1.45454
1.45783
1.46427
1.47856
1.48214
1.48091
1.48287
1.48237
1.48254
1.45246
1.43136
1.43644
1.44085
1.41912
1.4245
1.41171
1.41549
1.4236
1.42482
1.43083
1.41593
1.4047
1.40991
1.40872
1.41435
1.43175
1.42806
1.43923
1.4327
1.449
1.46344
1.45752
1.46903
1.45821
1.45094
1.43456
1.44122
1.44396
1.41786
1.42072
1.43097
1.43038
1.441
1.43544
1.42556
1.41872
1.42865
1.43703
1.4434
1.45012
1.45263
1.45382
1.44284
1.43193
1.43625
1.42629
1.40288
1.39748
1.41575
1.41416
1.4156
1.41115
1.41529
1.42147
1.44234
1.43565
1.43762
1.45092
1.43673
1.43305
1.43965
1.42494
1.42025
1.43215
1.40901
1.42806
1.41764
1.43743
1.41766
1.42391
1.42456
1.44417
1.44072
1.44246
1.43319
1.43948
1.43571
1.44397
1.44135
1.43775
1.4498
1.451
1.44409
1.43685
1.4259
1.42034
1.40969
1.39968
1.40972
1.38818
1.36543
1.36774
1.36779
1.37535
1.38764
1.37925
1.36856
1.37025
1.35718
1.34646
1.34993
1.35327
1.35855
1.35427
1.3596
1.33853
1.31757
1.33479
1.33473
1.34363
1.33759
1.36419
1.36387
1.37906
1.37758
1.38797
1.37371
1.37513
1.37595
1.37783
1.38924
1.39285
1.39066
1.39048
1.4188
1.41464
1.38562
1.36952
1.37466
1.3813
1.37898
1.3764
1.38319
1.35361
1.36008
1.37465
1.36277
1.35382
1.34604
1.34552
1.35075
1.34883
1.35056
1.33421
1.33452
1.32355
1.33188
1.33153
1.3445
1.34595
1.339
1.33999
1.34
1.34109
1.33401
1.33852
1.31866
1.30358
1.29821
1.30146
1.30451
1.29966
1.30811
1.30466
1.30497
1.30399
1.30582
1.30693
1.29403
1.29603
1.296
1.29334
1.30508
1.29429
1.27876
1.27183
1.27639
1.27775
1.27055
1.28138
1.26785
1.26656
1.27363
1.28626
1.2968
1.293
1.3012
1.30346
1.31056
1.31079
1.32184
1.31426
1.30822
1.31595
1.31431
1.31562
1.31288
1.32601
1.32595
1.32847
1.31955
1.31853
1.31326
1.30655
1.31294
1.31382
1.32419
1.32324
1.32479
1.3372
1.34471
1.33965
1.34573
1.33236
1.33096
1.31967
1.32161
1.3112
1.31486
1.32734
1.31198
1.31528
1.30824
1.30315
1.30792
1.31736
1.32374
1.32232
1.32147
1.31993
1.32684
1.3356
1.33132
1.33157
1.33014
1.33422
1.33195
1.32323
1.31415
1.30646
1.3094
1.31045
1.30809
1.31085
1.31867
1.30766
1.31408
1.31259
1.31218
1.31367
1.32178
1.31552
1.31957
1.32157
1.32171
1.32517
1.32381
1.32362
1.3157
1.31512
1.30828
1.30497
1.30043
1.29287
1.29348
1.29158
1.28219
1.27283
1.2715
1.26969
1.27775
1.28161
1.26825
1.25804
1.25311
1.25151
1.25399
1.25018
1.23654
1.23627
1.24334
1.24976
1.24511
1.25798
1.25593
1.2515
1.24817
1.25026
1.25561
1.2632
1.26361
1.25749
1.26845
1.27049
1.25393
1.25689
1.25031
1.24906
1.24679
1.24425
1.26659
1.25739
1.26066
1.25254
1.23906
1.22859
1.23116
1.22487
1.22377
1.22025
1.22484
1.22718
1.22936
1.22823
1.22796
1.21557
1.21163
1.20599
1.21578
1.22814
1.2321
1.22596
1.23027
1.22242
1.21789
1.23847
1.23997
1.23983
1.23643
1.2305
1.229
1.23321
1.23204
1.22889
1.23549
1.23354
1.23437
1.24712
1.25281
1.25622
1.25112
1.24984
1.25643
1.25288
1.25059
1.25732
1.2592
1.25646
1.25997
1.26301
1.28156
1.27583
1.28545
1.28984
1.29867
1.31281
1.31163
1.30472
1.30481
1.29675
1.29779
1.29296
1.28995
1.287
1.29118
1.28565
1.28877
1.29187
1.29041
1.30163
1.30345
1.2967
1.28842
1.28747
1.29266
1.29503
1.29476
1.30525
1.31186
1.30653
1.30189
1.30592
1.29843
1.2971
1.29332
1.29397
1.29031
1.29589
1.29586
1.29417
1.28362
1.27942
1.28143
1.27702
1.27457
1.27078
1.27084
1.27033
1.27358
1.27803
1.27425
1.28126
1.28165
1.28289
1.28817
1.29731
1.29713
1.29422
1.29526
1.29786
1.29848
1.30521
1.30934
1.30658
1.29669
1.29231
1.294
1.30047
1.30729
1.30762
1.31618
1.31629
1.32274
1.32262
1.32431
1.31879
1.3177
1.32228
1.32349
1.32152
1.31844
1.31841
1.30475
1.30676
1.31154
1.30811
1.30632
1.32702
1.33425
1.33786
1.33036
1.32878
1.33761
1.33165
1.33118
1.33203
1.33168
1.33764
1.34608
1.34538
1.34907
1.35662
1.35753
1.36389
1.35121
1.35825
1.35207
1.33956
1.33627
1.34049
1.34523
1.34503
1.33616
1.33602
1.33501
1.33874
1.3281
1.31879
1.31904
1.30611
1.30598
1.31377
1.30553
1.30178
1.30253
1.30501
1.29659
1.3106
1.30037
1.30451
1.3033
1.296
1.30037
1.30752
1.29549
1.28798
1.29317
1.2897
1.29874
1.28515
1.28599
1.27792
1.2815
1.28181
1.28478
1.2818
1.28462
1.2935
1.29885
1.30072
1.30814
1.30689
1.30996
1.31095
1.30328
1.31756
1.30304
1.30492
1.30508
1.30643
1.2993
1.3014
1.30101
1.30279
1.30962
1.31664
1.31776
1.30636
1.31125
1.30751
1.30768
1.31513
1.30408
1.29884
1.29738
1.29187
1.28838
1.28809
1.2836
1.28813
1.29053
1.28577
1.29327
1.29296
1.29279
1.28545
1.29389
1.30483
1.29936
1.30748
1.30798
1.30903
1.32444
1.3216
1.32559
1.33123
1.33357
1.33742
1.33439
1.33651
1.33915
1.32935
1.32182
1.31207
1.31175
1.30754
1.30109
1.30373
1.30079
